time;log(res_p);log(res_rho);log(res_vx);log(res_vy);log(res_vz);elapsed_time(s)
0;-inf;-inf;-inf;-inf;-inf;0.157437
5e-05;-22.2482;-40.6688;-36.4749;-36.2723;-inf;0.122341
0.0001;-20.8825;-39.3032;-34.2672;-34.0983;-inf;0.130105
0.00015;-20.0849;-38.5056;-32.9996;-32.9532;-inf;0.124678
0.0002;-19.5175;-37.9381;-32.0006;-32.0276;-inf;0.125022
0.00025;-19.0782;-37.4989;-31.2626;-31.2492;-inf;0.125124
0.0003;-18.715;-37.1357;-30.6372;-30.6363;-inf;0.124435
0.00035;-18.4082;-36.8289;-30.0997;-30.1015;-inf;0.124039
0.0004;-18.1393;-36.56;-29.6307;-29.6078;-inf;0.123691
0.00045;-17.8982;-36.3189;-29.2127;-29.1812;-inf;0.124781
0.0005;-17.6795;-36.1001;-28.8267;-28.8043;-inf;0.123227
0.00055;-17.4767;-35.8974;-28.4943;-28.4674;-inf;0.140174
0.0006;-17.2869;-35.7076;-28.1912;-28.1608;-inf;0.116253
0.00065;-17.1131;-35.5338;-27.9089;-27.8756;-inf;0.268313
0.0007;-16.9468;-35.3674;-27.6474;-27.6087;-inf;0.142838
0.00075;-16.792;-35.2127;-27.4035;-27.3662;-inf;0.136514
0.0008;-16.6387;-35.0594;-27.1693;-27.1379;-inf;0.122647
0.00085;-16.4977;-34.9184;-26.958;-26.922;-inf;0.142276
0.0009;-16.3693;-34.79;-26.7551;-26.7167;-inf;0.18407
0.00095;-16.2415;-34.6622;-26.5739;-26.5212;-inf;0.307832
0.001;-21.2699;-39.6906;-31.1338;-31.1111;-inf;0.16536
0.00105;-19.7498;-38.1705;-29.8029;-29.7236;-inf;0.120487
0.0011;-19.1547;-37.5754;-28.9716;-28.9092;-inf;0.119
0.00115;-18.6498;-37.0705;-28.3943;-28.3025;-inf;0.122096
0.0012;-18.2157;-36.6364;-27.9048;-27.817;-inf;0.119897
0.00125;-17.8415;-36.2621;-27.5099;-27.4306;-inf;0.124193
0.0013;-17.4858;-35.9064;-27.1751;-27.0908;-inf;0.120485
0.00135;-17.2264;-35.6471;-26.8853;-26.7939;-inf;0.122222
0.0014;-16.9772;-35.3979;-26.622;-26.5334;-inf;0.119963
0.00145;-16.7467;-35.1674;-26.3809;-26.2966;-inf;0.144384
0.0015;-16.5405;-34.9612;-26.1536;-26.078;-inf;0.130757
0.00155;-16.3462;-34.7669;-25.9507;-25.8855;-inf;0.12072
0.0016;-16.1556;-34.5762;-25.7724;-25.705;-inf;0.123952
0.00165;-16.0036;-34.4243;-25.6042;-25.5345;-inf;0.118458
0.0017;-15.8579;-34.2786;-25.4458;-25.381;-inf;0.956704
0.00175;-15.7191;-34.1398;-25.2858;-25.2354;-inf;0.138175
0.0018;-15.5828;-34.0034;-25.1438;-25.0963;-inf;0.144427
0.00185;-15.4532;-33.8739;-25.011;-24.9626;-inf;0.120802
0.0019;-15.3425;-33.7632;-24.8853;-24.84;-inf;0.121531
0.00195;-15.2211;-33.6418;-24.7688;-24.724;-inf;0.126328
0.002;-20.8127;-39.2334;-30.0844;-30.182;-inf;0.164531
0.00205;-19.4402;-37.8608;-28.8804;-28.8429;-inf;0.132711
0.0021;-18.6594;-37.08;-28.1193;-28.1872;-inf;0.127955
0.00215;-18.0687;-36.4894;-27.5245;-27.5842;-inf;0.124706
0.0022;-17.6036;-36.0243;-27.07;-27.1333;-inf;0.122881
0.00225;-17.2212;-35.6419;-26.6762;-26.7902;-inf;0.120954
0.0023;-16.9813;-35.402;-26.3775;-26.4822;-inf;0.11972
0.00235;-16.7402;-35.1609;-26.1194;-26.2186;-inf;0.139153
0.0024;-16.5047;-34.9254;-25.8703;-25.9884;-inf;0.155231
0.00245;-16.282;-34.7026;-25.6482;-25.7732;-inf;0.13995
0.0025;-16.1026;-34.5232;-25.4497;-25.5793;-inf;0.124119
0.00255;-15.927;-34.3477;-25.2668;-25.3943;-inf;0.124417
0.0026;-15.7618;-34.1824;-25.0887;-25.2308;-inf;0.122444
0.00265;-15.5991;-34.0198;-24.9253;-25.0699;-inf;0.12486
0.0027;-15.4472;-33.8679;-24.7921;-24.9355;-inf;0.288546
0.00275;-15.3385;-33.7591;-24.6489;-24.8017;-inf;0.458512
0.0028;-15.2257;-33.6464;-24.5222;-24.6833;-inf;0.142923
0.00285;-15.1102;-33.5309;-24.4042;-24.5647;-inf;0.121058
0.0029;-15.0048;-33.4255;-24.2999;-24.4538;-inf;0.117162
0.00295;-14.8967;-33.3173;-24.1896;-24.339;-inf;0.122345
0.003;-19.3547;-37.7754;-29.3819;-29.8974;-inf;0.152277
0.00305;-18.8584;-37.2791;-28.0236;-28.4031;-inf;0.122506
0.0031;-18.2279;-36.6486;-27.5529;-27.8204;-inf;0.119444
0.00315;-17.5993;-36.02;-27.0966;-27.1716;-inf;0.120576
0.0032;-17.4042;-35.8249;-26.6854;-26.7913;-inf;0.118487
0.00325;-17.0085;-35.4291;-26.3411;-26.3802;-inf;0.12071
0.0033;-16.754;-35.1747;-26.0358;-26.1807;-inf;0.122012
0.00335;-16.5216;-34.9423;-25.7963;-25.9492;-inf;0.135736
0.0034;-16.282;-34.7027;-25.5527;-25.7391;-inf;0.126444
0.00345;-16.0828;-34.5035;-25.3606;-25.5453;-inf;0.122382
0.0035;-15.8659;-34.2866;-25.1829;-25.3255;-inf;0.121187
0.00355;-15.7188;-34.1395;-24.9965;-25.1709;-inf;0.124386
0.0036;-15.5705;-33.9912;-24.8385;-25.0031;-inf;0.122366
0.00365;-15.4301;-33.8508;-24.6979;-24.8624;-inf;0.12392
0.0037;-15.265;-33.6857;-24.5613;-24.7129;-inf;0.130396
0.00375;-15.1442;-33.5649;-24.4402;-24.5912;-inf;0.44078
0.0038;-15.0347;-33.4554;-24.306;-24.4647;-inf;0.121353
0.00385;-14.924;-33.3447;-24.1941;-24.3407;-inf;0.155301
0.0039;-14.8038;-33.2245;-24.0928;-24.2397;-inf;0.138412
0.00395;-14.7027;-33.1233;-23.9919;-24.1362;-inf;0.146235
0.004;-19.5023;-37.9229;-28.683;-28.9031;-inf;0.164031
0.00405;-17.8149;-36.2356;-28.1111;-27.9803;-inf;0.12374
0.0041;-17.4554;-35.8761;-27.5706;-27.4484;-inf;0.123233
0.00415;-16.9136;-35.3343;-27.0338;-26.9689;-inf;0.142776
0.0042;-16.6844;-35.1051;-26.6393;-26.6452;-inf;0.122261
0.00425;-16.5631;-34.9838;-26.3454;-26.3037;-inf;0.123853
0.0043;-16.4474;-34.8681;-25.9951;-26.0443;-inf;0.12313
0.00435;-16.2894;-34.71;-25.7265;-25.7991;-inf;0.122447
0.0044;-16.1448;-34.5655;-25.5454;-25.5724;-inf;0.120081
0.00445;-15.9187;-34.3394;-25.3266;-25.3711;-inf;0.126689
0.0045;-15.7722;-34.1929;-25.1719;-25.169;-inf;0.1329
0.00455;-15.5614;-33.9821;-25.0127;-25.0505;-inf;0.124925
0.0046;-15.4359;-33.8566;-24.8683;-24.9257;-inf;0.13143
0.00465;-15.3064;-33.7271;-24.7189;-24.8245;-inf;0.133837
0.0047;-15.1692;-33.5899;-24.5908;-24.6913;-inf;0.125676
0.00475;-15.0553;-33.4759;-24.4697;-24.589;-inf;0.138448
0.0048;-14.9074;-33.3281;-24.3472;-24.4703;-inf;0.126376
0.00485;-14.8093;-33.23;-24.2302;-24.3553;-inf;0.123023
0.0049;-14.6145;-33.0352;-24.109;-24.2507;-inf;0.130535
0.00495;-14.5515;-32.9722;-24.0021;-24.161;-inf;0.14151
0.005;-18.4132;-36.8339;-28.7199;-28.5341;-inf;0.452339
0.00505;-18.0541;-36.4748;-27.921;-28.1075;-inf;0.122771
0.0051;-17.4268;-35.8475;-27.3587;-27.2408;-inf;0.121154
0.00515;-16.9484;-35.3691;-26.9149;-26.6206;-inf;0.129431
0.0052;-16.9216;-35.3422;-26.5422;-26.2138;-inf;0.12619
0.00525;-16.6699;-35.0906;-26.2979;-26.22;-inf;0.137116
0.0053;-16.3709;-34.7916;-26.0084;-26.0212;-inf;0.130097
0.00535;-16.1018;-34.5224;-25.7947;-25.8483;-inf;0.125173
0.0054;-15.8543;-34.275;-25.5885;-25.6922;-inf;0.143202
0.00545;-15.6661;-34.0867;-25.3418;-25.4878;-inf;0.125415
0.0055;-15.5887;-34.0093;-25.1637;-25.3022;-inf;0.12482
0.00555;-15.4825;-33.9032;-24.9959;-25.1125;-inf;0.125716
0.0056;-15.3267;-33.7474;-24.8758;-25.0059;-inf;0.124301
0.00565;-15.1534;-33.5741;-24.767;-24.8902;-inf;0.124089
0.0057;-15.0216;-33.4422;-24.6546;-24.7752;-inf;0.125242
0.00575;-14.9437;-33.3644;-24.551;-24.6691;-inf;0.126924
0.0058;-14.8487;-33.2693;-24.4422;-24.5732;-inf;0.183303
0.00585;-14.7354;-33.1561;-24.3458;-24.4676;-inf;0.144358
0.0059;-14.6423;-33.0629;-24.2522;-24.3857;-inf;0.132349
0.00595;-14.5738;-32.9945;-24.1483;-24.2747;-inf;0.134996
0.006;-18.2241;-36.6448;-28.2928;-28.4709;-inf;0.157398
0.00605;-17.3027;-35.7234;-27.5025;-27.6473;-inf;0.121933
0.0061;-17.1737;-35.5944;-27.1769;-26.9546;-inf;0.122214
0.00615;-16.8682;-35.2889;-26.8211;-26.597;-inf;0.394869
0.0062;-16.3679;-34.7886;-26.5354;-26.4297;-inf;0.184413
0.00625;-16.2585;-34.6792;-26.1247;-26.1278;-inf;0.136105
0.0063;-16.0098;-34.4305;-25.9606;-26.025;-inf;0.123506
0.00635;-15.9842;-34.4049;-25.7272;-25.8699;-inf;0.245222
0.0064;-15.7402;-34.1609;-25.5075;-25.7067;-inf;0.122406
0.00645;-15.5196;-33.9403;-25.3532;-25.5688;-inf;0.132299
0.0065;-15.4584;-33.8791;-25.2519;-25.3674;-inf;0.370626
0.00655;-15.2953;-33.716;-25.0888;-25.3026;-inf;0.119327
0.0066;-15.1858;-33.6065;-24.9744;-25.1707;-inf;0.116475
0.00665;-15.0667;-33.4874;-24.87;-25.0602;-inf;0.147856
0.0067;-14.913;-33.3337;-24.754;-24.9183;-inf;0.12036
0.00675;-14.7613;-33.182;-24.6273;-24.7807;-inf;0.122094
0.0068;-14.5759;-32.9966;-24.504;-24.671;-inf;0.121837
0.00685;-14.5053;-32.926;-24.4162;-24.5893;-inf;0.121741
0.0069;-14.4267;-32.8474;-24.3161;-24.4855;-inf;0.1205
0.00695;-14.3029;-32.7235;-24.2093;-24.342;-inf;0.122729
0.007;-17.662;-36.0826;-28.2535;-28.3307;-inf;0.15222
0.00705;-16.8482;-35.2689;-27.4928;-27.482;-inf;0.123842
0.0071;-16.4506;-34.8713;-27.0789;-26.9157;-inf;0.15151
0.00715;-15.8012;-34.2218;-26.676;-26.5079;-inf;0.131608
0.0072;-15.796;-34.2167;-26.496;-26.2946;-inf;0.119295
0.00725;-15.8066;-34.2273;-26.271;-26.2564;-inf;0.120434
0.0073;-15.8165;-34.2372;-26.1093;-25.926;-inf;0.124333
0.00735;-15.6384;-34.0591;-25.8739;-25.7851;-inf;0.125932
0.0074;-15.4838;-33.9045;-25.6844;-25.5683;-inf;0.120982
0.00745;-15.3649;-33.7856;-25.492;-25.4322;-inf;0.142376
0.0075;-15.306;-33.7267;-25.3405;-25.3151;-inf;0.119992
0.00755;-15.1846;-33.6053;-25.2312;-25.2594;-inf;0.122208
0.0076;-15.0614;-33.4821;-25.1038;-25.1242;-inf;0.122428
0.00765;-14.8677;-33.2884;-24.9931;-25.0342;-inf;0.124404
0.0077;-14.7485;-33.1692;-24.8764;-24.9094;-inf;0.122545
0.00775;-14.609;-33.0297;-24.7502;-24.7697;-inf;0.123419
0.0078;-14.4964;-32.917;-24.6427;-24.6606;-inf;0.120969
0.00785;-14.3861;-32.8067;-24.5366;-24.5492;-inf;0.125601
0.0079;-14.3214;-32.7421;-24.4342;-24.4716;-inf;0.123707
0.00795;-14.2658;-32.6864;-24.3644;-24.3783;-inf;0.122745
0.008;-16.9275;-35.3482;-28.0902;-28.0718;-inf;0.155733
0.00805;-16.9744;-35.3951;-27.5456;-27.5592;-inf;0.123184
0.0081;-16.3635;-34.7842;-27.1976;-26.9157;-inf;0.123764
0.00815;-16.2386;-34.6592;-26.7935;-26.5334;-inf;0.122075
0.0082;-16.1409;-34.5616;-26.4798;-26.1887;-inf;0.127982
0.00825;-15.9951;-34.4158;-26.1644;-25.9016;-inf;0.138892
0.0083;-15.8332;-34.2538;-25.9561;-25.7448;-inf;0.125433
0.00835;-15.5626;-33.9833;-25.7658;-25.5676;-inf;0.12343
0.0084;-15.4026;-33.8232;-25.5577;-25.4759;-inf;0.122832
0.00845;-15.215;-33.6356;-25.4221;-25.3093;-inf;0.123983
0.0085;-15.0297;-33.4503;-25.2804;-25.1358;-inf;0.123629
0.00855;-14.9232;-33.3438;-25.1314;-25.0904;-inf;0.123076
0.0086;-14.7981;-33.2188;-24.9984;-24.9141;-inf;0.125308
0.00865;-14.6607;-33.0814;-24.874;-24.8138;-inf;0.137343
0.0087;-14.5186;-32.9392;-24.7761;-24.6858;-inf;0.143413
0.00875;-14.4151;-32.8358;-24.6441;-24.5702;-inf;0.123012
0.0088;-14.319;-32.7397;-24.5244;-24.4536;-inf;0.121347
0.00885;-14.226;-32.6467;-24.4076;-24.3866;-inf;0.1193
0.0089;-14.1169;-32.5376;-24.2718;-24.3112;-inf;0.118884
0.00895;-14.0149;-32.4356;-24.1691;-24.2149;-inf;0.119833
0.009;-17.9901;-36.4107;-28.6675;-27.5901;-inf;0.401191
0.00905;-17.2688;-35.6895;-27.4056;-26.9043;-inf;0.119905
0.0091;-16.5406;-34.9613;-26.851;-26.7433;-inf;0.120497
0.00915;-16.2197;-34.6403;-26.4685;-26.4377;-inf;0.118939
0.0092;-15.8902;-34.3109;-26.2093;-26.1349;-inf;0.12153
0.00925;-15.6648;-34.0855;-25.8991;-25.8084;-inf;0.119194
0.0093;-15.5046;-33.9253;-25.6664;-25.5912;-inf;0.120752
0.00935;-15.3084;-33.7291;-25.4468;-25.4876;-inf;0.120059
0.0094;-15.1307;-33.5514;-25.233;-25.3394;-inf;0.125252
0.00945;-14.9479;-33.3686;-25.0138;-25.195;-inf;0.122061
0.0095;-14.8227;-33.2434;-24.8858;-25.0198;-inf;0.121354
0.00955;-14.7382;-33.1589;-24.7414;-24.888;-inf;0.119327
0.0096;-14.6145;-33.0351;-24.606;-24.7762;-inf;0.121714
0.00965;-14.4726;-32.8932;-24.4743;-24.6259;-inf;0.121652
0.0097;-14.346;-32.7667;-24.346;-24.4888;-inf;0.12442
0.00975;-14.2479;-32.6686;-24.2202;-24.3604;-inf;0.139533
0.0098;-14.1362;-32.5569;-24.1072;-24.2503;-inf;0.120838
0.00985;-14.0069;-32.4276;-23.9918;-24.1598;-inf;0.122554
0.0099;-13.8986;-32.3193;-23.8865;-24.053;-inf;0.121962
0.00995;-13.826;-32.2467;-23.7801;-23.944;-inf;0.120957
0.01;-17.6073;-36.028;-28.0741;-27.7378;-inf;0.155483
0.01005;-16.8359;-35.2565;-27.1965;-27.0057;-inf;0.119136
0.0101;-16.3756;-34.7963;-26.7086;-26.7019;-inf;0.120825
0.01015;-16.1362;-34.5568;-26.3238;-26.3165;-inf;0.118562
0.0102;-15.9837;-34.4044;-25.9815;-26.1412;-inf;0.1202
0.01025;-15.6766;-34.0973;-25.7566;-25.8535;-inf;0.121627
0.0103;-15.4304;-33.8511;-25.4782;-25.5639;-inf;0.121778
0.01035;-15.2426;-33.6633;-25.2465;-25.3858;-inf;0.120571
0.0104;-15.0546;-33.4753;-25.0217;-25.1725;-inf;0.121896
0.01045;-14.8735;-33.2942;-24.8325;-24.9763;-inf;0.11509
0.0105;-14.6847;-33.1054;-24.6606;-24.7505;-inf;0.122672
0.01055;-14.5553;-32.976;-24.4942;-24.6435;-inf;0.144693
0.0106;-14.4073;-32.828;-24.3451;-24.491;-inf;0.117608
0.01065;-14.2843;-32.7049;-24.1906;-24.3615;-inf;0.120696
0.0107;-14.1554;-32.5761;-24.0534;-24.2264;-inf;0.117246
0.01075;-14.027;-32.4477;-23.9243;-24.1082;-inf;0.11613
0.0108;-13.8975;-32.3182;-23.8006;-23.9881;-inf;0.122378
0.01085;-13.8129;-32.2336;-23.6828;-23.8706;-inf;0.117015
0.0109;-13.7092;-32.1299;-23.5694;-23.7624;-inf;0.119613
0.01095;-13.6262;-32.0469;-23.4712;-23.6567;-inf;0.124122
0.011;-18.0264;-36.4471;-28.0784;-28.0186;-inf;1.19644
0.01105;-16.8682;-35.2888;-26.8875;-26.8261;-inf;1.07503
0.0111;-16.4502;-34.8709;-26.3853;-26.4919;-inf;0.23002
0.01115;-16.0898;-34.5105;-25.9815;-26.141;-inf;0.156055
0.0112;-15.793;-34.2137;-25.6483;-25.7895;-inf;0.124599
0.01125;-15.5833;-34.004;-25.4183;-25.5216;-inf;0.110402
0.0113;-15.3531;-33.7737;-25.194;-25.2693;-inf;0.133386
0.01135;-15.1264;-33.5471;-24.9748;-25.073;-inf;0.116839
0.0114;-14.8888;-33.3095;-24.7774;-24.8874;-inf;0.121895
0.01145;-14.7271;-33.1478;-24.5972;-24.7175;-inf;0.120203
0.0115;-14.5687;-32.9893;-24.4166;-24.5668;-inf;0.12085
0.01155;-14.4151;-32.8358;-24.2551;-24.4091;-inf;0.119135
0.0116;-14.2743;-32.695;-24.0952;-24.2503;-inf;0.117412
0.01165;-14.1616;-32.5823;-23.9512;-24.0988;-inf;0.11884
0.0117;-14.0196;-32.4403;-23.8168;-23.9715;-inf;0.12216
0.01175;-13.9155;-32.3362;-23.692;-23.844;-inf;0.120856
0.0118;-13.8042;-32.2249;-23.5674;-23.7201;-inf;0.120874
0.01185;-13.6945;-32.1152;-23.4584;-23.6144;-inf;0.174377
0.0119;-13.595;-32.0157;-23.3604;-23.5081;-inf;0.217936
0.01195;-13.5031;-31.9237;-23.2549;-23.4063;-inf;0.141843
0.012;-17.7027;-36.1234;-28.1824;-28.0761;-inf;0.150366
0.01205;-17.1072;-35.5279;-27.0819;-27.2781;-inf;0.241483
0.0121;-16.6613;-35.082;-26.4636;-26.5652;-inf;0.118482
0.01215;-16.1301;-34.5508;-25.9795;-26.1591;-inf;0.123623
0.0122;-15.8269;-34.2476;-25.6808;-25.7093;-inf;0.119603
0.01225;-15.498;-33.9187;-25.3605;-25.4086;-inf;0.121489
0.0123;-15.2737;-33.6943;-25.1089;-25.122;-inf;0.118375
0.01235;-15.0495;-33.4702;-24.8233;-24.8858;-inf;0.118039
0.0124;-14.8604;-33.281;-24.6243;-24.6593;-inf;0.122602
0.01245;-14.6753;-33.096;-24.4023;-24.476;-inf;0.12305
0.0125;-14.4895;-32.9102;-24.2395;-24.3113;-inf;0.121222
0.01255;-14.3427;-32.7633;-24.0759;-24.1785;-inf;0.118625
0.0126;-14.1966;-32.6173;-23.9138;-24.0475;-inf;0.118234
0.01265;-14.0725;-32.4931;-23.7921;-23.9256;-inf;0.482955
0.0127;-13.93;-32.3506;-23.6621;-23.78;-inf;0.126111
0.01275;-13.8071;-32.2278;-23.5351;-23.6555;-inf;0.121495
0.0128;-13.6906;-32.1113;-23.4126;-23.5389;-inf;0.123473
0.01285;-13.5778;-31.9985;-23.3071;-23.4237;-inf;0.121186
0.0129;-13.4748;-31.8954;-23.2051;-23.3195;-inf;0.123007
0.01295;-13.3827;-31.8034;-23.1011;-23.2166;-inf;0.123617
0.013;-17.6758;-36.0965;-27.719;-27.6598;-inf;0.158532
0.01305;-16.9984;-35.419;-26.7632;-27.0329;-inf;0.127659
0.0131;-16.4886;-34.9093;-26.3045;-26.392;-inf;0.121891
0.01315;-16.0642;-34.4849;-25.8918;-25.8925;-inf;0.121117
0.0132;-15.7729;-34.1935;-25.542;-25.5863;-inf;0.121688
0.01325;-15.4994;-33.92;-25.241;-25.3275;-inf;0.122721
0.0133;-15.2686;-33.6892;-24.9498;-25.0264;-inf;0.121685
0.01335;-15.0316;-33.4523;-24.687;-24.8313;-inf;0.121602
0.0134;-14.833;-33.2537;-24.5053;-24.6275;-inf;0.122094
0.01345;-14.6572;-33.0779;-24.2909;-24.4542;-inf;0.406172
0.0135;-14.4847;-32.9054;-24.1276;-24.2813;-inf;0.33155
0.01355;-14.3196;-32.7403;-23.9712;-24.117;-inf;0.123996
0.0136;-14.1761;-32.5968;-23.8441;-23.9706;-inf;0.122243
0.01365;-14.0513;-32.472;-23.7124;-23.8318;-inf;0.124134
0.0137;-13.9234;-32.3441;-23.5883;-23.6919;-inf;0.31816
0.01375;-13.8023;-32.223;-23.47;-23.5767;-inf;0.118881
0.0138;-13.6832;-32.1039;-23.3522;-23.46;-inf;0.122031
0.01385;-13.5763;-31.997;-23.2465;-23.3495;-inf;0.125183
0.0139;-13.4694;-31.8901;-23.1466;-23.2528;-inf;0.120135
0.01395;-13.3698;-31.7905;-23.0462;-23.1579;-inf;0.123334
0.014;-17.6919;-36.1126;-27.5556;-27.6738;-inf;0.178647
0.01405;-17.0554;-35.476;-26.7143;-26.8183;-inf;0.161888
0.0141;-16.5504;-34.971;-26.3264;-26.2701;-inf;0.352756
0.01415;-16.0869;-34.5076;-25.9042;-25.8615;-inf;0.135376
0.0142;-15.7552;-34.1758;-25.5354;-25.5832;-inf;0.126661
0.01425;-15.4662;-33.8869;-25.2347;-25.2826;-inf;0.122326
0.0143;-15.2;-33.6207;-25.0044;-25.0619;-inf;0.139617
0.01435;-14.9697;-33.3904;-24.7641;-24.8373;-inf;0.136415
0.0144;-14.7593;-33.18;-24.4838;-24.6221;-inf;0.122449
0.01445;-14.5688;-32.9895;-24.298;-24.4501;-inf;0.132863
0.0145;-14.3907;-32.8114;-24.1285;-24.2768;-inf;0.128881
0.01455;-14.2385;-32.6592;-24.0072;-24.1459;-inf;0.388789
0.0146;-14.0981;-32.5187;-23.8644;-24.0077;-inf;0.128925
0.01465;-13.9731;-32.3938;-23.7172;-23.872;-inf;0.129198
0.0147;-13.8508;-32.2715;-23.5778;-23.7465;-inf;0.12174
0.01475;-13.7278;-32.1485;-23.4659;-23.6104;-inf;0.138602
0.0148;-13.6145;-32.0352;-23.3613;-23.5065;-inf;0.135499
0.01485;-13.5051;-31.9258;-23.2559;-23.3943;-inf;0.13139
0.0149;-13.3981;-31.8188;-23.1567;-23.2982;-inf;0.123917
0.01495;-13.3039;-31.7246;-23.0665;-23.1998;-inf;0.122838
0.015;-17.7526;-36.1733;-27.5819;-27.442;-inf;0.155908
0.01505;-17.0222;-35.4429;-26.593;-26.6962;-inf;0.121442
0.0151;-16.5222;-34.9429;-26.1479;-26.2657;-inf;0.12676
0.01515;-16.0567;-34.4773;-25.8664;-25.907;-inf;0.268817
0.0152;-15.7422;-34.1629;-25.5072;-25.6041;-inf;0.151103
0.01525;-15.4378;-33.8585;-25.2545;-25.3452;-inf;0.158441
0.0153;-15.1982;-33.6189;-25.0363;-25.0707;-inf;0.134198
0.01535;-14.9546;-33.3753;-24.7794;-24.8727;-inf;0.125394
0.0154;-14.7448;-33.1654;-24.5883;-24.6583;-inf;0.152274
0.01545;-14.5822;-33.0029;-24.3846;-24.4839;-inf;0.265421
0.0155;-14.3975;-32.8182;-24.2183;-24.3244;-inf;0.134347
0.01555;-14.2427;-32.6633;-24.0674;-24.1634;-inf;0.129996
0.0156;-14.1125;-32.5332;-23.9309;-24.0336;-inf;0.466524
0.01565;-13.9727;-32.3934;-23.7808;-23.9134;-inf;0.14267
0.0157;-13.844;-32.2647;-23.6448;-23.778;-inf;0.131832
0.01575;-13.722;-32.1427;-23.5403;-23.6618;-inf;0.13066
0.0158;-13.6113;-32.032;-23.4274;-23.556;-inf;0.137828
0.01585;-13.4977;-31.9184;-23.3392;-23.4576;-inf;0.428172
0.0159;-13.3963;-31.817;-23.2523;-23.3543;-inf;0.336159
0.01595;-13.2939;-31.7146;-23.1627;-23.2599;-inf;0.6871
0.016;-17.4522;-35.8729;-27.2798;-28.5117;-inf;0.400369
0.01605;-17.1555;-35.5762;-27.1034;-27.2761;-inf;0.724352
0.0161;-16.6292;-35.0499;-26.5597;-26.5434;-inf;0.77218
0.01615;-16.0828;-34.5034;-26.057;-26.04;-inf;1.04628
0.0162;-15.6295;-34.0501;-25.656;-25.657;-inf;1.13982
0.01625;-15.2249;-33.6456;-25.4176;-25.3522;-inf;0.134247
0.0163;-14.8651;-33.2858;-25.1149;-25.1147;-inf;0.119125
0.01635;-14.6211;-33.0417;-24.8687;-24.8936;-inf;0.144418
0.0164;-14.4686;-32.8893;-24.6889;-24.7342;-inf;0.147563
0.01645;-14.2994;-32.7201;-24.4469;-24.4742;-inf;0.136326
0.0165;-14.1763;-32.597;-24.2471;-24.2567;-inf;0.139269
0.01655;-14.0141;-32.4348;-24.073;-24.0856;-inf;0.130612
0.0166;-13.8753;-32.2959;-23.943;-23.924;-inf;0.118544
0.01665;-13.778;-32.1987;-23.8127;-23.8161;-inf;0.121124
0.0167;-13.664;-32.0847;-23.6978;-23.6907;-inf;0.119827
0.01675;-13.5561;-31.9768;-23.6083;-23.6515;-inf;0.125661
0.0168;-13.469;-31.8896;-23.4907;-23.5804;-inf;0.339436
0.01685;-13.4205;-31.8412;-23.4227;-23.5241;-inf;0.729501
0.0169;-13.3091;-31.7298;-23.3304;-23.4119;-inf;0.127449
0.01695;-13.2148;-31.6355;-23.2224;-23.3145;-inf;0.12228
0.017;-17.5189;-35.9396;-27.4689;-27.1779;-inf;0.160591
0.01705;-16.6604;-35.0811;-26.6484;-26.6959;-inf;0.121781
0.0171;-16.1735;-34.5942;-26.2156;-26.1878;-inf;0.12105
0.01715;-15.8241;-34.2447;-25.8139;-25.8302;-inf;0.123763
0.0172;-15.5038;-33.9245;-25.5398;-25.5388;-inf;0.12767
0.01725;-15.2096;-33.6303;-25.2875;-25.3244;-inf;0.126688
0.0173;-15.0057;-33.4264;-24.992;-25.122;-inf;0.131065
0.01735;-14.7667;-33.1874;-24.7985;-24.8667;-inf;0.122797
0.0174;-14.5797;-33.0004;-24.5468;-24.6777;-inf;0.124476
0.01745;-14.4128;-32.8335;-24.4244;-24.5412;-inf;0.420518
0.0175;-14.2121;-32.6328;-24.2831;-24.3779;-inf;0.149559
0.01755;-14.0426;-32.4633;-24.1442;-24.2264;-inf;0.117308
0.0176;-13.8746;-32.2953;-23.9837;-24.0856;-inf;0.115784
0.01765;-13.7646;-32.1853;-23.8569;-23.9692;-inf;0.113781
0.0177;-13.6317;-32.0524;-23.737;-23.8459;-inf;0.120084
0.01775;-13.5159;-31.9366;-23.6364;-23.7435;-inf;0.117955
0.0178;-13.4069;-31.8276;-23.5239;-23.639;-inf;0.117354
0.01785;-13.304;-31.7247;-23.4259;-23.5371;-inf;0.1192
0.0179;-13.2029;-31.6236;-23.3212;-23.4391;-inf;0.125497
0.01795;-13.119;-31.5396;-23.2393;-23.3512;-inf;0.115839
0.018;-17.5424;-35.963;-27.0555;-27.1066;-inf;0.161775
0.01805;-16.8818;-35.3025;-26.6527;-26.6108;-inf;0.129136
0.0181;-16.1214;-34.5421;-26.1665;-26.1147;-inf;0.124433
0.01815;-15.8132;-34.2339;-25.7983;-25.8219;-inf;0.121511
0.0182;-15.5221;-33.9428;-25.4479;-25.5085;-inf;0.119289
0.01825;-15.2367;-33.6573;-25.2457;-25.2827;-inf;0.11882
0.0183;-14.9959;-33.4166;-25.074;-25.0509;-inf;0.155853
0.01835;-14.7768;-33.1975;-24.8648;-24.8889;-inf;0.12068
0.0184;-14.5789;-32.9996;-24.678;-24.7092;-inf;0.118992
0.01845;-14.4046;-32.8253;-24.4974;-24.5356;-inf;0.12041
0.0185;-14.2355;-32.6561;-24.3024;-24.3902;-inf;0.122533
0.01855;-14.0734;-32.4941;-24.1636;-24.229;-inf;0.122124
0.0186;-13.9146;-32.3353;-24.0149;-24.1197;-inf;0.122148
0.01865;-13.7924;-32.2131;-23.8697;-23.9964;-inf;0.129584
0.0187;-13.6655;-32.0862;-23.754;-23.8784;-inf;0.167077
0.01875;-13.5449;-31.9656;-23.6506;-23.7785;-inf;0.19849
0.0188;-13.4247;-31.8454;-23.5517;-23.6797;-inf;0.115584
0.01885;-13.3223;-31.743;-23.4466;-23.5813;-inf;0.115397
0.0189;-13.2168;-31.6375;-23.3352;-23.4883;-inf;0.115891
0.01895;-13.1098;-31.5304;-23.2387;-23.3863;-inf;0.118453
0.019;-17.3711;-35.7918;-27.5757;-27.2813;-inf;0.345578
0.01905;-16.5482;-34.9689;-26.5423;-26.4751;-inf;0.142437
0.0191;-15.992;-34.4126;-26.1175;-26.0622;-inf;0.146195
0.01915;-15.6446;-34.0653;-25.7264;-25.6453;-inf;0.129153
0.0192;-15.3;-33.7207;-25.3716;-25.3381;-inf;0.124953
0.01925;-15.0206;-33.4413;-25.1;-25.0708;-inf;0.127023
0.0193;-14.7681;-33.1888;-24.8805;-24.835;-inf;0.13726
0.01935;-14.5601;-32.9808;-24.7166;-24.6738;-inf;0.125355
0.0194;-14.4365;-32.8572;-24.5584;-24.6173;-inf;0.470753
0.01945;-14.2362;-32.6568;-24.3906;-24.4442;-inf;0.120437
0.0195;-14.0714;-32.4921;-24.2134;-24.2613;-inf;0.119395
0.01955;-13.9235;-32.3442;-24.0779;-24.1367;-inf;0.115909
0.0196;-13.7885;-32.2091;-23.933;-23.9923;-inf;0.121629
0.01965;-13.6881;-32.1088;-23.8202;-23.9002;-inf;1.00444
0.0197;-13.5555;-31.9762;-23.6733;-23.7715;-inf;0.141292
0.01975;-13.4451;-31.8658;-23.536;-23.6585;-inf;0.326662
0.0198;-13.3146;-31.7353;-23.4175;-23.5338;-inf;0.123952
0.01985;-13.1995;-31.6202;-23.3041;-23.4077;-inf;0.12322
0.0199;-13.0952;-31.5159;-23.2073;-23.2949;-inf;0.141163
0.01995;-13.0035;-31.4242;-23.1043;-23.1967;-inf;0.125801
0.02;-17.7848;-36.2055;-27.2977;-27.2784;-inf;0.953012
0.02005;-16.6338;-35.0545;-26.3717;-26.3436;-inf;0.406664
0.0201;-16.1084;-34.5291;-26.0116;-25.8877;-inf;0.13981
0.02015;-15.6682;-34.0889;-25.6371;-25.5217;-inf;0.11932
0.0202;-15.316;-33.7367;-25.3553;-25.2783;-inf;0.11755
0.02025;-15.0383;-33.459;-25.0445;-25.0263;-inf;0.400495
0.0203;-14.7649;-33.1856;-24.7947;-24.8363;-inf;0.123688
0.02035;-14.5539;-32.9745;-24.5984;-24.6612;-inf;0.123612
0.0204;-14.3441;-32.7648;-24.3997;-24.4779;-inf;0.121028
0.02045;-14.1786;-32.5993;-24.2152;-24.3411;-inf;0.117868
0.0205;-13.9907;-32.4114;-24.0554;-24.1895;-inf;0.120821
0.02055;-13.8339;-32.2546;-23.8847;-24.0337;-inf;0.119946
0.0206;-13.6922;-32.1128;-23.7308;-23.8751;-inf;0.125024
0.02065;-13.5615;-31.9822;-23.6071;-23.7465;-inf;0.123755
0.0207;-13.4209;-31.8416;-23.4826;-23.6316;-inf;0.127053
0.02075;-13.3066;-31.7272;-23.362;-23.5206;-inf;0.2026
0.0208;-13.188;-31.6087;-23.2441;-23.4029;-inf;0.14169
0.02085;-13.0967;-31.5174;-23.1381;-23.2898;-inf;0.133843
0.0209;-13.0002;-31.4209;-23.0308;-23.1793;-inf;0.135926
0.02095;-12.9019;-31.3226;-22.9344;-23.0897;-inf;0.129983
0.021;-17.1909;-35.6116;-27.3891;-27.4027;-inf;0.378467
0.02105;-16.5112;-34.9319;-26.515;-26.4364;-inf;0.120428
0.0211;-15.9435;-34.3642;-25.9382;-25.9347;-inf;0.127282
0.02115;-15.4756;-33.8963;-25.4815;-25.4744;-inf;0.124136
0.0212;-15.1995;-33.6201;-25.0969;-25.1859;-inf;0.125267
0.02125;-14.9028;-33.3235;-24.8344;-24.8968;-inf;0.127613
0.0213;-14.6875;-33.1082;-24.6099;-24.7126;-inf;0.211825
0.02135;-14.4846;-32.9052;-24.413;-24.5013;-inf;0.247212
0.0214;-14.2956;-32.7163;-24.2363;-24.3464;-inf;0.285213
0.02145;-14.1061;-32.5268;-24.0539;-24.1768;-inf;0.205318
0.0215;-13.9507;-32.3714;-23.919;-24.0133;-inf;0.146385
0.02155;-13.8066;-32.2273;-23.751;-23.8822;-inf;0.158005
0.0216;-13.6448;-32.0655;-23.6025;-23.7448;-inf;0.118206
0.02165;-13.494;-31.9147;-23.4657;-23.6071;-inf;0.119609
0.0217;-13.3576;-31.7783;-23.3456;-23.471;-inf;0.118825
0.02175;-13.2296;-31.6503;-23.2117;-23.3608;-inf;0.119351
0.0218;-13.1269;-31.5475;-23.0913;-23.2398;-inf;0.118558
0.02185;-13.0138;-31.4345;-22.9859;-23.135;-inf;0.118602
0.0219;-12.9269;-31.3476;-22.8916;-23.0372;-inf;0.12027
0.02195;-12.8227;-31.2434;-22.8008;-22.9374;-inf;0.131287
0.022;-17.1575;-35.5781;-27.0109;-27.2828;-inf;0.158329
0.02205;-16.3847;-34.8054;-26.2229;-26.3795;-inf;0.123018
0.0221;-15.8672;-34.2878;-25.6993;-25.9734;-inf;0.12327
0.02215;-15.5261;-33.9467;-25.4126;-25.4809;-inf;0.123225
0.0222;-15.1761;-33.5967;-25.1018;-25.2026;-inf;0.121709
0.02225;-14.8851;-33.3057;-24.8267;-24.9633;-inf;0.122908
0.0223;-14.7135;-33.1342;-24.6554;-24.7377;-inf;0.130852
0.02235;-14.5052;-32.9259;-24.3875;-24.5032;-inf;0.117636
0.0224;-14.293;-32.7137;-24.1797;-24.3007;-inf;0.123051
0.02245;-14.0998;-32.5205;-23.9714;-24.1122;-inf;0.128387
0.0225;-13.924;-32.3447;-23.8023;-23.9345;-inf;0.132932
0.02255;-13.763;-32.1837;-23.6308;-23.7866;-inf;0.145388
0.0226;-13.6125;-32.0332;-23.4879;-23.6425;-inf;0.151996
0.02265;-13.4719;-31.8926;-23.3491;-23.5077;-inf;0.167342
0.0227;-13.3434;-31.7641;-23.2179;-23.3806;-inf;0.166413
0.02275;-13.2185;-31.6392;-23.0958;-23.2615;-inf;0.197299
0.0228;-13.1021;-31.5228;-23.0006;-23.1451;-inf;0.178277
0.02285;-12.9855;-31.4061;-22.8926;-23.032;-inf;0.172927
0.0229;-12.8758;-31.2965;-22.7742;-22.9282;-inf;0.174225
0.02295;-12.7835;-31.2042;-22.6821;-22.8364;-inf;0.202801
0.023;-17.1787;-35.5993;-27.0013;-26.781;-inf;0.221419
0.02305;-16.3989;-34.8196;-26.1827;-26.1347;-inf;0.169959
0.0231;-15.9108;-34.3315;-25.7367;-25.7254;-inf;0.174066
0.02315;-15.5072;-33.9279;-25.3318;-25.3172;-inf;0.174236
0.0232;-15.1627;-33.5834;-25.0794;-25.0372;-inf;0.1798
0.02325;-14.9096;-33.3302;-24.7896;-24.8741;-inf;0.196498
0.0233;-14.6382;-33.0588;-24.5298;-24.6469;-inf;0.179324
0.02335;-14.4109;-32.8315;-24.3254;-24.461;-inf;0.213565
0.0234;-14.2086;-32.6293;-24.1259;-24.2478;-inf;0.202023
0.02345;-14.0549;-32.4756;-23.9657;-24.0859;-inf;0.690152
0.0235;-13.8756;-32.2963;-23.7801;-23.9075;-inf;0.123481
0.02355;-13.7075;-32.1282;-23.6189;-23.7472;-inf;0.130067
0.0236;-13.5512;-31.9719;-23.4614;-23.5856;-inf;0.136017
0.02365;-13.4055;-31.8261;-23.3276;-23.4411;-inf;0.153107
0.0237;-13.2831;-31.7037;-23.1955;-23.3164;-inf;0.147918
0.02375;-13.1666;-31.5873;-23.0732;-23.2078;-inf;0.162393
0.0238;-13.0611;-31.4818;-22.9561;-23.0923;-inf;0.164405
0.02385;-12.9525;-31.3732;-22.8485;-22.9903;-inf;0.166697
0.0239;-12.8512;-31.2719;-22.7433;-22.8866;-inf;0.190878
0.02395;-12.7688;-31.1895;-22.6586;-22.8016;-inf;0.197206
0.024;-17.5771;-35.9978;-27.0028;-27.3144;-inf;0.204982
0.02405;-16.5541;-34.9748;-26.1646;-26.3298;-inf;0.178423
0.0241;-15.9956;-34.4163;-25.847;-25.7691;-inf;0.297923
0.02415;-15.551;-33.9717;-25.5058;-25.4479;-inf;0.251972
0.0242;-15.1751;-33.5958;-25.1406;-25.1167;-inf;0.236663
0.02425;-14.8862;-33.3069;-24.8501;-24.867;-inf;0.155396
0.0243;-14.6406;-33.0613;-24.569;-24.6096;-inf;0.145476
0.02435;-14.417;-32.8377;-24.3295;-24.4212;-inf;0.156644
0.0244;-14.2018;-32.6225;-24.1407;-24.2029;-inf;0.16072
0.02445;-14.0165;-32.4372;-23.9782;-24.0791;-inf;0.18685
0.0245;-13.8313;-32.2519;-23.8107;-23.929;-inf;0.185357
0.02455;-13.6655;-32.0862;-23.6622;-23.7763;-inf;0.189415
0.0246;-13.5184;-31.9391;-23.4998;-23.6266;-inf;0.180437
0.02465;-13.3922;-31.8129;-23.3688;-23.4728;-inf;0.202435
0.0247;-13.2667;-31.6874;-23.2315;-23.3674;-inf;0.171694
0.02475;-13.1527;-31.5734;-23.1142;-23.2352;-inf;0.173709
0.0248;-13.0497;-31.4704;-22.996;-23.1208;-inf;0.165741
0.02485;-12.9443;-31.365;-22.8788;-23.0092;-inf;0.167558
0.0249;-12.8343;-31.255;-22.7676;-22.9048;-inf;0.170004
0.02495;-12.7407;-31.1614;-22.68;-22.8052;-inf;0.167321
0.025;-17.2904;-35.7111;-27.1056;-27.0189;-inf;0.228686
0.02505;-16.3466;-34.7672;-26.1977;-26.1947;-inf;0.160769
0.0251;-15.8067;-34.2273;-25.671;-25.7197;-inf;0.162216
0.02515;-15.4221;-33.8428;-25.3054;-25.3112;-inf;0.16294
0.0252;-15.0627;-33.4834;-25.0048;-25.0681;-inf;0.166143
0.02525;-14.8047;-33.2254;-24.7347;-24.8034;-inf;0.163649
0.0253;-14.5468;-32.9675;-24.5221;-24.6084;-inf;0.167936
0.02535;-14.3269;-32.7475;-24.2995;-24.4065;-inf;0.164366
0.0254;-14.1518;-32.5725;-24.1075;-24.2252;-inf;0.169189
0.02545;-13.9603;-32.381;-23.9316;-24.0515;-inf;0.16892
0.0255;-13.7965;-32.2172;-23.7561;-23.9006;-inf;0.168015
0.02555;-13.644;-32.0646;-23.613;-23.7474;-inf;0.172739
0.0256;-13.5184;-31.9391;-23.4854;-23.6201;-inf;0.218368
0.02565;-13.376;-31.7967;-23.3576;-23.4957;-inf;0.158604
0.0257;-13.246;-31.6666;-23.2348;-23.3792;-inf;0.164325
0.02575;-13.1295;-31.5502;-23.1201;-23.2717;-inf;0.164695
0.0258;-13.0178;-31.4385;-23.011;-23.1567;-inf;0.162685
0.02585;-12.9132;-31.3339;-22.9023;-23.0511;-inf;0.174707
0.0259;-12.803;-31.2237;-22.8039;-22.9512;-inf;0.169459
0.02595;-12.7062;-31.1268;-22.7067;-22.8461;-inf;0.164304
0.026;-16.9632;-35.3839;-26.9498;-26.5752;-inf;0.205571
0.02605;-16.0218;-34.4425;-26.2129;-26.0076;-inf;0.162049
0.0261;-15.6745;-34.0952;-25.7438;-25.5424;-inf;0.160328
0.02615;-15.3194;-33.7401;-25.3645;-25.2656;-inf;0.173636
0.0262;-15.044;-33.4647;-25.0146;-25.0142;-inf;0.172923
0.02625;-14.7878;-33.2085;-24.7584;-24.8116;-inf;0.164827
0.0263;-14.5771;-32.9977;-24.5167;-24.6079;-inf;0.166079
0.02635;-14.3406;-32.7612;-24.3326;-24.4168;-inf;0.163082
0.0264;-14.168;-32.5887;-24.167;-24.2103;-inf;0.257539
0.02645;-13.989;-32.4097;-23.9884;-24.0431;-inf;0.212822
0.0265;-13.8293;-32.2499;-23.8156;-23.9021;-inf;0.137379
0.02655;-13.673;-32.0937;-23.6701;-23.7895;-inf;0.142558
0.0266;-13.5405;-31.9612;-23.5452;-23.6716;-inf;0.152422
0.02665;-13.4004;-31.8211;-23.4182;-23.5448;-inf;0.159733
0.0267;-13.2648;-31.6855;-23.2997;-23.42;-inf;0.156271
0.02675;-13.148;-31.5687;-23.1878;-23.3181;-inf;0.200447
0.0268;-13.036;-31.4567;-23.0793;-23.2097;-inf;0.161721
0.02685;-12.9258;-31.3465;-22.9672;-23.1017;-inf;0.180101
0.0269;-12.8219;-31.2426;-22.8661;-22.9904;-inf;0.269766
0.02695;-12.7237;-31.1444;-22.7779;-22.8955;-inf;0.140085
0.027;-17.1849;-35.6055;-27.1816;-26.7026;-inf;0.533271
0.02705;-16.1084;-34.5291;-26.2847;-26.0247;-inf;0.125964
0.0271;-15.7374;-34.1581;-25.7785;-25.6232;-inf;0.126504
0.02715;-15.4336;-33.8543;-25.4256;-25.2546;-inf;0.307318
0.0272;-15.0839;-33.5045;-25.0812;-25.0289;-inf;0.164479
0.02725;-14.7521;-33.1728;-24.8303;-24.8219;-inf;0.129859
0.0273;-14.4383;-32.859;-24.5909;-24.5967;-inf;0.169666
0.02735;-14.2608;-32.6815;-24.4112;-24.4238;-inf;0.154682
0.0274;-14.0694;-32.4901;-24.2281;-24.2595;-inf;0.139318
0.02745;-13.8892;-32.3098;-24.0454;-24.0975;-inf;0.149676
0.0275;-13.7501;-32.1708;-23.9008;-23.9591;-inf;0.168907
0.02755;-13.5732;-31.9939;-23.7582;-23.8339;-inf;0.160094
0.0276;-13.4261;-31.8468;-23.614;-23.7041;-inf;0.163144
0.02765;-13.3002;-31.7209;-23.4853;-23.5785;-inf;0.172683
0.0277;-13.1841;-31.6047;-23.3608;-23.4708;-inf;0.590567
0.02775;-13.0867;-31.5074;-23.2479;-23.3586;-inf;0.594757
0.0278;-12.9632;-31.3838;-23.1343;-23.2388;-inf;0.120308
0.02785;-12.8598;-31.2804;-23.0192;-23.1319;-inf;0.118687
0.0279;-12.7572;-31.1779;-22.9207;-23.0352;-inf;0.123145
0.02795;-12.6683;-31.089;-22.8183;-22.9409;-inf;0.124366
0.028;-16.705;-35.1257;-26.8495;-26.6602;-inf;0.165359
0.02805;-15.9531;-34.3737;-26.1662;-26.0085;-inf;0.134394
0.0281;-15.5304;-33.9511;-25.7242;-25.5995;-inf;0.133185
0.02815;-15.1812;-33.6019;-25.3517;-25.204;-inf;0.144897
0.0282;-14.862;-33.2826;-25.0694;-24.9625;-inf;0.14843
0.02825;-14.7161;-33.1368;-24.7887;-24.815;-inf;0.752962
0.0283;-14.47;-32.8906;-24.5524;-24.594;-inf;0.478522
0.02835;-14.239;-32.6597;-24.3536;-24.3969;-inf;0.120211
0.0284;-14.0348;-32.4554;-24.1912;-24.2348;-inf;0.119676
0.02845;-13.8596;-32.2803;-24.0212;-24.0753;-inf;0.121618
0.0285;-13.682;-32.1027;-23.8557;-23.9241;-inf;0.118734
0.02855;-13.5259;-31.9466;-23.696;-23.7691;-inf;0.125974
0.0286;-13.372;-31.7927;-23.558;-23.6354;-inf;0.12899
0.02865;-13.2383;-31.659;-23.4386;-23.541;-inf;0.248202
0.0287;-13.1116;-31.5323;-23.3086;-23.4084;-inf;0.131065
0.02875;-12.9909;-31.4116;-23.183;-23.2926;-inf;0.135239
0.0288;-12.8766;-31.2973;-23.0679;-23.1931;-inf;0.143435
0.02885;-12.7674;-31.1881;-22.957;-23.0818;-inf;0.150354
0.0289;-12.6616;-31.0822;-22.852;-22.977;-inf;0.158702
0.02895;-12.5623;-30.983;-22.7622;-22.88;-inf;0.154474
0.029;-16.7033;-35.124;-26.7549;-26.693;-inf;0.190727
0.02905;-16.1767;-34.5974;-26.006;-25.8929;-inf;0.148129
0.0291;-15.5621;-33.9828;-25.6006;-25.6146;-inf;0.147298
0.02915;-15.1816;-33.6022;-25.2888;-25.3224;-inf;0.151149
0.0292;-14.8869;-33.3076;-24.96;-25.0544;-inf;0.152038
0.02925;-14.6186;-33.0393;-24.6893;-24.7985;-inf;0.168762
0.0293;-14.4048;-32.8255;-24.5183;-24.5624;-inf;0.539645
0.02935;-14.1721;-32.5928;-24.2935;-24.3188;-inf;1.15067
0.0294;-13.9388;-32.3595;-24.1041;-24.1033;-inf;0.641924
0.02945;-13.7704;-32.1911;-23.9195;-23.9762;-inf;0.134265
0.0295;-13.6303;-32.0509;-23.7502;-23.8351;-inf;0.130118
0.02955;-13.4817;-31.9024;-23.5965;-23.7079;-inf;0.133624
0.0296;-13.3274;-31.7481;-23.4569;-23.5868;-inf;0.469575
0.02965;-13.1983;-31.619;-23.3151;-23.4628;-inf;0.115335
0.0297;-13.0768;-31.4975;-23.195;-23.3494;-inf;0.143843
0.02975;-12.9597;-31.3803;-23.0794;-23.2269;-inf;0.11739
0.0298;-12.8503;-31.271;-22.9635;-23.1327;-inf;0.13223
0.02985;-12.7446;-31.1653;-22.8536;-23.0279;-inf;0.121033
0.0299;-12.6479;-31.0686;-22.7473;-22.9284;-inf;0.120371
0.02995;-12.5535;-30.9742;-22.661;-22.8387;-inf;0.132661
0.03;-17.0576;-35.4783;-26.7454;-26.4274;-inf;0.185057
0.03005;-16.0954;-34.5161;-26.1258;-25.8743;-inf;0.138572
0.0301;-15.4393;-33.86;-25.551;-25.3859;-inf;0.128985
0.03015;-15.1568;-33.5775;-25.2903;-25.1037;-inf;0.143532
0.0302;-14.7103;-33.131;-24.8626;-24.7955;-inf;0.147962
0.03025;-14.3977;-32.8183;-24.5818;-24.4968;-inf;0.149595
0.0303;-14.1071;-32.5278;-24.3578;-24.3299;-inf;0.152047
0.03035;-13.9937;-32.4143;-24.1912;-24.1538;-inf;0.180409
0.0304;-13.8369;-32.2576;-23.9683;-23.9787;-inf;0.190156
0.03045;-13.6368;-32.0575;-23.7861;-23.8556;-inf;0.174638
0.0305;-13.4507;-31.8714;-23.6293;-23.6543;-inf;0.177052
0.03055;-13.2906;-31.7113;-23.481;-23.4779;-inf;0.184429
0.0306;-13.1693;-31.59;-23.3468;-23.3746;-inf;0.176053
0.03065;-13.0377;-31.4584;-23.2149;-23.2427;-inf;0.170314
0.0307;-12.916;-31.3366;-23.0841;-23.1286;-inf;0.164373
0.03075;-12.8016;-31.2223;-22.9604;-23.0119;-inf;0.162163
0.0308;-12.7356;-31.1563;-22.8809;-22.9452;-inf;0.528106
0.03085;-12.6177;-31.0384;-22.7721;-22.8413;-inf;0.129084
0.0309;-12.5204;-30.9411;-22.6694;-22.7411;-inf;0.193669
0.03095;-12.4282;-30.8489;-22.5695;-22.6426;-inf;0.135043
0.031;-16.9813;-35.402;-26.7297;-26.8223;-inf;0.180401
0.03105;-16.0637;-34.4844;-26.0429;-26.014;-inf;0.148154
0.0311;-15.5579;-33.9786;-25.4921;-25.5091;-inf;0.170958
0.03115;-15.166;-33.5867;-25.1287;-25.1677;-inf;0.148963
0.0312;-14.803;-33.2237;-24.789;-24.8884;-inf;0.152558
0.03125;-14.5653;-32.986;-24.5183;-24.6024;-inf;0.176515
0.0313;-14.3108;-32.7315;-24.2676;-24.3595;-inf;0.155499
0.03135;-14.0931;-32.5138;-24.0767;-24.1902;-inf;0.158788
0.0314;-13.8913;-32.312;-23.87;-24.0012;-inf;0.162264
0.03145;-13.7286;-32.1493;-23.6735;-23.8658;-inf;0.323783
0.0315;-13.5568;-31.9775;-23.4982;-23.6981;-inf;0.140097
0.03155;-13.3993;-31.8199;-23.3451;-23.5509;-inf;0.152724
0.0316;-13.2461;-31.6668;-23.2063;-23.4038;-inf;0.157997
0.03165;-13.1308;-31.5514;-23.1226;-23.2944;-inf;0.93734
0.0317;-12.9966;-31.4173;-23.0006;-23.1563;-inf;0.160008
0.03175;-12.8806;-31.3013;-22.8805;-23.0385;-inf;0.12247
0.0318;-12.7636;-31.1843;-22.7702;-22.9229;-inf;0.115252
0.03185;-12.66;-31.0807;-22.6582;-22.816;-inf;0.158336
0.0319;-12.556;-30.9767;-22.5529;-22.7158;-inf;0.110515
0.03195;-12.4583;-30.879;-22.4496;-22.6164;-inf;0.119912
0.032;-16.8228;-35.2434;-26.9857;-26.7374;-inf;0.172036
0.03205;-16.0253;-34.4459;-25.9853;-25.8619;-inf;0.135149
0.0321;-15.5001;-33.9208;-25.5577;-25.6031;-inf;0.16779
0.03215;-15.2234;-33.6441;-25.1333;-25.2451;-inf;0.154802
0.0322;-14.8134;-33.2341;-24.7533;-24.8091;-inf;0.150377
0.03225;-14.4791;-32.8997;-24.4191;-24.5238;-inf;0.150363
0.0323;-14.2123;-32.633;-24.1708;-24.2625;-inf;0.156997
0.03235;-13.9852;-32.4059;-23.9395;-24.0526;-inf;0.159507
0.0324;-13.8891;-32.3097;-23.7729;-23.9433;-inf;0.158033
0.03245;-13.6955;-32.1162;-23.6173;-23.7426;-inf;0.160224
0.0325;-13.5228;-31.9435;-23.4605;-23.6206;-inf;0.480279
0.03255;-13.4099;-31.8305;-23.3656;-23.4862;-inf;1.09988
0.0326;-13.2735;-31.6942;-23.232;-23.3596;-inf;1.1279
0.03265;-13.1354;-31.5561;-23.0958;-23.2247;-inf;0.788373
0.0327;-12.9914;-31.4121;-22.9672;-23.0986;-inf;0.123085
0.03275;-12.855;-31.2757;-22.8417;-22.9758;-inf;0.116577
0.0328;-12.7284;-31.1491;-22.7169;-22.8605;-inf;0.141946
0.03285;-12.6129;-31.0336;-22.6009;-22.7511;-inf;0.119983
0.0329;-12.5044;-30.9251;-22.5023;-22.654;-inf;0.368927
0.03295;-12.4147;-30.8354;-22.4102;-22.5488;-inf;0.14599
0.033;-16.9969;-35.4176;-26.6498;-26.8402;-inf;0.174453
0.03305;-16.173;-34.5937;-25.9901;-25.9846;-inf;0.134382
0.0331;-15.6201;-34.0408;-25.4661;-25.5165;-inf;0.120033
0.03315;-15.2217;-33.6423;-25.0366;-25.1246;-inf;0.115481
0.0332;-14.8584;-33.2791;-24.7658;-24.8164;-inf;0.111893
0.03325;-14.5817;-33.0024;-24.4972;-24.5629;-inf;0.123287
0.0333;-14.3081;-32.7288;-24.2455;-24.3039;-inf;0.113816
0.03335;-14.0743;-32.495;-24.0317;-24.0912;-inf;0.119903
0.0334;-13.8518;-32.2725;-23.8081;-23.8986;-inf;0.136694
0.03345;-13.6619;-32.0826;-23.6325;-23.7053;-inf;0.125485
0.0335;-13.4841;-31.9048;-23.4542;-23.5338;-inf;0.123565
0.03355;-13.3233;-31.744;-23.2915;-23.3643;-inf;0.122612
0.0336;-13.1705;-31.5912;-23.1517;-23.2374;-inf;0.116537
0.03365;-13.0254;-31.4461;-23.0093;-23.1018;-inf;0.129831
0.0337;-12.8956;-31.3163;-22.8853;-22.9767;-inf;0.148561
0.03375;-12.7708;-31.1915;-22.7721;-22.8652;-inf;0.145723
0.0338;-12.6621;-31.0828;-22.6555;-22.7663;-inf;0.156531
0.03385;-12.5643;-30.9849;-22.5641;-22.6944;-inf;0.574378
0.0339;-12.4564;-30.877;-22.4577;-22.5873;-inf;0.120025
0.03395;-12.3586;-30.7793;-22.3631;-22.4923;-inf;0.124776
0.034;-17.0525;-35.4732;-26.5745;-26.4942;-inf;0.180919
0.03405;-16.1008;-34.5215;-25.8032;-25.8061;-inf;0.136617
0.0341;-15.5274;-33.9481;-25.3696;-25.2859;-inf;0.144223
0.03415;-15.1141;-33.5347;-24.9888;-24.9648;-inf;0.146516
0.0342;-14.7715;-33.1922;-24.6813;-24.7036;-inf;0.153214
0.03425;-14.4936;-32.9143;-24.403;-24.4513;-inf;0.153501
0.0343;-14.2478;-32.6684;-24.1691;-24.2564;-inf;0.158594
0.03435;-14.0355;-32.4562;-23.9801;-24.0775;-inf;0.16833
0.0344;-13.8405;-32.2611;-23.7823;-23.8709;-inf;0.174207
0.03445;-13.6521;-32.0728;-23.6057;-23.7094;-inf;0.156357
0.0345;-13.4833;-31.904;-23.4202;-23.5328;-inf;0.162223
0.03455;-13.328;-31.7487;-23.2641;-23.3942;-inf;0.16051
0.0346;-13.1858;-31.6065;-23.1258;-23.256;-inf;0.161145
0.03465;-13.0511;-31.4718;-22.9899;-23.1174;-inf;0.164511
0.0347;-12.9259;-31.3466;-22.8723;-23.0075;-inf;0.157009
0.03475;-12.8034;-31.2241;-22.7782;-22.8869;-inf;0.35528
0.0348;-12.6961;-31.1168;-22.6611;-22.7873;-inf;0.136519
0.03485;-12.5959;-31.0166;-22.5624;-22.6847;-inf;0.173385
0.0349;-12.4941;-30.9148;-22.4527;-22.588;-inf;0.147427
0.03495;-12.4034;-30.8241;-22.3634;-22.4924;-inf;0.176241
0.035;-17.066;-35.4867;-26.5028;-26.4967;-inf;0.192563
0.03505;-16.0814;-34.5021;-25.8548;-25.7391;-inf;0.240524
0.0351;-15.5498;-33.9705;-25.3745;-25.2478;-inf;0.193415
0.03515;-15.1354;-33.5561;-25.0449;-24.9299;-inf;0.147733
0.0352;-14.7961;-33.2167;-24.7515;-24.6799;-inf;0.151629
0.03525;-14.5129;-32.9336;-24.4529;-24.4346;-inf;0.16036
0.0353;-14.2631;-32.6838;-24.2579;-24.2251;-inf;0.153225
0.03535;-14.0513;-32.472;-24.0369;-24.0704;-inf;0.164624
0.0354;-13.8547;-32.2753;-23.8564;-23.9029;-inf;0.168254
0.03545;-13.6565;-32.0772;-23.68;-23.7529;-inf;0.18086
0.0355;-13.4875;-31.9082;-23.5209;-23.5972;-inf;0.200232
0.03555;-13.3119;-31.7326;-23.3565;-23.44;-inf;0.177957
0.0356;-13.1631;-31.5838;-23.1944;-23.2922;-inf;0.278246
0.03565;-13.0325;-31.4532;-23.0626;-23.171;-inf;0.166505
0.0357;-12.9048;-31.3255;-22.9435;-23.0601;-inf;0.162806
0.03575;-12.7935;-31.2142;-22.8246;-22.9551;-inf;0.177627
0.0358;-12.6773;-31.098;-22.7074;-22.8407;-inf;0.1639
0.03585;-12.5705;-30.9911;-22.6042;-22.7383;-inf;0.163574
0.0359;-12.4681;-30.8887;-22.5069;-22.638;-inf;0.159536
0.03595;-12.3732;-30.7939;-22.4096;-22.5463;-inf;0.16646
0.036;-16.8513;-35.272;-26.6196;-26.5463;-inf;0.255469
0.03605;-15.7787;-34.1994;-25.7114;-25.5885;-inf;1.0671
0.0361;-15.0474;-33.4681;-24.9974;-24.8703;-inf;1.09591
0.03615;-14.5657;-32.9863;-24.5249;-24.4041;-inf;1.14382
0.0362;-14.3543;-32.775;-24.3916;-24.2862;-inf;0.547107
0.03625;-14.1644;-32.585;-24.2631;-24.2013;-inf;0.12123
0.0363;-13.9704;-32.3911;-24.1029;-24.0441;-inf;0.139898
0.03635;-13.8341;-32.2547;-23.948;-23.9495;-inf;0.119845
0.0364;-13.6979;-32.1185;-23.7777;-23.8036;-inf;0.12235
0.03645;-13.5349;-31.9555;-23.6198;-23.6877;-inf;0.124578
0.0365;-13.3726;-31.7933;-23.4806;-23.563;-inf;0.116037
0.03655;-13.2392;-31.6599;-23.353;-23.4281;-inf;0.120019
0.0366;-13.103;-31.5236;-23.2197;-23.3068;-inf;0.120027
0.03665;-12.9785;-31.3992;-23.0894;-23.1866;-inf;0.119107
0.0367;-12.8642;-31.2849;-22.9723;-23.0688;-inf;0.124591
0.03675;-12.7528;-31.1735;-22.8581;-22.9598;-inf;0.121019
0.0368;-12.65;-31.0707;-22.7467;-22.8597;-inf;0.116118
0.03685;-12.5443;-30.965;-22.6526;-22.7679;-inf;0.124479
0.0369;-12.4496;-30.8703;-22.5509;-22.6749;-inf;0.124665
0.03695;-12.3571;-30.7778;-22.4593;-22.5874;-inf;0.122811
0.037;-16.7184;-35.1391;-26.6286;-26.338;-inf;0.162945
0.03705;-15.9318;-34.3525;-25.909;-25.7658;-inf;0.125612
0.0371;-15.4234;-33.8441;-25.4518;-25.4227;-inf;0.128977
0.03715;-15.0368;-33.4575;-25.1074;-25.0927;-inf;0.122737
0.0372;-14.6732;-33.0939;-24.7756;-24.8156;-inf;0.127115
0.03725;-14.3936;-32.8143;-24.5155;-24.6047;-inf;0.241863
0.0373;-14.1132;-32.5339;-24.273;-24.3973;-inf;1.12381
0.03735;-13.842;-32.2627;-24.0166;-24.1539;-inf;0.974657
0.0374;-13.659;-32.0797;-23.7773;-23.9405;-inf;0.450512
0.03745;-13.4823;-31.903;-23.5962;-23.7693;-inf;0.189126
0.0375;-13.3418;-31.7624;-23.4472;-23.6167;-inf;0.292392
0.03755;-13.1748;-31.5955;-23.2859;-23.4665;-inf;0.698761
0.0376;-13.0057;-31.4263;-23.1323;-23.2954;-inf;0.98881
0.03765;-12.8503;-31.2709;-22.9595;-23.1417;-inf;1.30396
0.0377;-12.7206;-31.1413;-22.8525;-22.9847;-inf;1.30804
0.03775;-12.5908;-31.0114;-22.7362;-22.8628;-inf;1.3477
0.0378;-12.4829;-30.9035;-22.6271;-22.7569;-inf;1.19123
0.03785;-12.3742;-30.7949;-22.5236;-22.6466;-inf;1.23562
0.0379;-12.2779;-30.6986;-22.4385;-22.5422;-inf;1.36802
0.03795;-12.1892;-30.6099;-22.3567;-22.4585;-inf;1.18419
0.038;-17.0479;-35.4686;-26.1372;-25.8986;-inf;0.368917
0.03805;-16.1123;-34.533;-25.4032;-25.4703;-inf;0.430799
0.0381;-14.9463;-33.367;-24.7205;-24.7863;-inf;0.137767
0.03815;-14.36;-32.7807;-24.3931;-24.6008;-inf;0.141149
0.0382;-14.063;-32.4836;-24.0271;-24.2811;-inf;0.315901
0.03825;-13.9198;-32.3405;-23.85;-23.897;-inf;0.143096
0.0383;-13.6292;-32.0499;-23.7607;-23.5767;-inf;0.210362
0.03835;-13.4778;-31.8985;-23.5319;-23.3679;-inf;0.18965
0.0384;-13.2773;-31.698;-23.4065;-23.2288;-inf;0.165058
0.03845;-13.1687;-31.5894;-23.2669;-23.1878;-inf;0.389639
0.0385;-13.0513;-31.472;-23.109;-23.0856;-inf;0.155845
0.03855;-12.8989;-31.3196;-23.0217;-23.0085;-inf;0.170701
0.0386;-12.7861;-31.2068;-22.9603;-22.9581;-inf;0.32118
0.03865;-12.6422;-31.0629;-22.8088;-22.8862;-inf;0.137947
0.0387;-12.516;-30.9367;-22.7196;-22.7592;-inf;0.147709
0.03875;-12.385;-30.8057;-22.6218;-22.6925;-inf;0.243624
0.0388;-12.2935;-30.7142;-22.5433;-22.6191;-inf;0.184258
0.03885;-12.2077;-30.6284;-22.4491;-22.5685;-inf;0.140392
0.0389;-12.1587;-30.5794;-22.4054;-22.5531;-inf;0.337043
0.03895;-12.0939;-30.5146;-22.3407;-22.5056;-inf;0.18586
0.039;-17.1189;-35.5396;-26.9765;-26.7782;-inf;1.06697
0.03905;-15.8863;-34.3069;-25.7692;-25.6792;-inf;1.04784
0.0391;-15.1943;-33.615;-25.1057;-25.5123;-inf;1.05182
0.03915;-14.7062;-33.1269;-24.6495;-25.061;-inf;1.19441
0.0392;-14.3348;-32.7555;-24.3165;-24.6724;-inf;0.564849
0.03925;-14.1433;-32.564;-24.187;-24.2955;-inf;0.15703
0.0393;-13.9051;-32.3258;-23.9826;-24.0987;-inf;0.277839
0.03935;-13.6849;-32.1056;-23.8115;-23.8485;-inf;0.149334
0.0394;-13.4837;-31.9044;-23.6342;-23.715;-inf;0.148499
0.03945;-13.2946;-31.7153;-23.4471;-23.5649;-inf;0.162012
0.0395;-13.1516;-31.5723;-23.2856;-23.3996;-inf;0.1888
0.03955;-13.0349;-31.4556;-23.1636;-23.2935;-inf;0.182593
0.0396;-12.924;-31.3446;-23.0442;-23.134;-inf;0.187688
0.03965;-12.7982;-31.2188;-22.9045;-22.977;-inf;0.193245
0.0397;-12.7052;-31.1259;-22.8444;-22.9211;-inf;0.300295
0.03975;-12.6386;-31.0593;-22.7777;-22.8949;-inf;0.869993
0.0398;-12.5476;-30.9683;-22.677;-22.763;-inf;1.25063
0.03985;-12.449;-30.8697;-22.5734;-22.7002;-inf;1.19637
0.0399;-12.3485;-30.7691;-22.469;-22.6121;-inf;1.15546
0.03995;-12.2387;-30.6593;-22.3654;-22.5191;-inf;1.12386
0.04;-16.7656;-35.1862;-27.4264;-27.4376;-inf;0.785821
0.04005;-15.4244;-33.8451;-25.7989;-25.7682;-inf;0.134436
0.0401;-14.7435;-33.1642;-24.9087;-24.93;-inf;0.136855
0.04015;-14.6096;-33.0302;-24.6826;-24.7332;-inf;0.336797
0.0402;-14.191;-32.6117;-24.3613;-24.3268;-inf;0.132792
0.04025;-13.9409;-32.3616;-23.971;-23.9934;-inf;0.13499
0.0403;-13.6854;-32.1061;-23.7182;-23.8318;-inf;0.151725
0.04035;-13.4959;-31.9166;-23.5936;-23.6385;-inf;0.158785
0.0404;-13.3326;-31.7533;-23.3824;-23.4491;-inf;0.17945
0.04045;-13.1704;-31.5911;-23.199;-23.2419;-inf;0.218032
0.0405;-13.0355;-31.4562;-23.0716;-23.0989;-inf;0.225261
0.04055;-12.9649;-31.3856;-23.0108;-23.039;-inf;0.493804
0.0406;-12.8959;-31.3166;-22.9388;-22.9384;-inf;0.262788
0.04065;-12.7694;-31.1901;-22.805;-22.8902;-inf;0.205332
0.0407;-12.6908;-31.1115;-22.726;-22.8253;-inf;0.449154
0.04075;-12.5877;-31.0084;-22.6741;-22.7886;-inf;0.654259
0.0408;-12.4835;-30.9041;-22.5816;-22.6795;-inf;0.442618
0.04085;-12.3674;-30.7881;-22.4554;-22.5543;-inf;0.336981
0.0409;-12.2482;-30.6689;-22.3284;-22.436;-inf;0.139691
0.04095;-12.1422;-30.5629;-22.2248;-22.3741;-inf;0.204338
0.041;-16.3486;-34.7693;-26.3985;-26.5044;-inf;0.228847
0.04105;-15.612;-34.0327;-25.847;-25.7822;-inf;0.188505
0.0411;-15.1268;-33.5475;-25.2393;-25.2974;-inf;0.311446
0.04115;-14.8555;-33.2762;-24.9588;-25.0223;-inf;0.32492
0.0412;-14.4024;-32.8231;-24.5466;-24.6498;-inf;0.211155
0.04125;-14.192;-32.6127;-24.24;-24.3446;-inf;0.352797
0.0413;-13.9575;-32.3782;-24.0602;-24.1582;-inf;0.300481
0.04135;-13.6967;-32.1174;-23.827;-23.9111;-inf;0.232099
0.0414;-13.4858;-31.9065;-23.5883;-23.6583;-inf;0.219042
0.04145;-13.3056;-31.7263;-23.4232;-23.5338;-inf;0.222505
0.0415;-13.2008;-31.6214;-23.2898;-23.4079;-inf;0.738439
0.04155;-13.1042;-31.5249;-23.1383;-23.2604;-inf;1.06781
